0.03270475539046347
0.054026510941985406
0.09683763161787551
0.14258350040130707
0.19041437504488168
0.19846106405028652
0.21890943165985932
0.26016716637376813
0.3031987023484284
0.3159602126216281
0.3261619264835208
0.3488706197894943
0.38622019388410533
0.4117483881705002
0.43131373738517365
0.47047913940295116
0.4712830448722862
0.48096484590436417
0.5244306446085858
0.5595019261754978
0.5833417539223484
0.6277059237795809
0.6368922201666938
0.6422993820784694
0.7020450932088451
0.7078768841915168
0.7258425205356975
0.7620363213759055
0.7933091475059025
0.8160600684341087
0.8235673510446858
0.8717126019351233
0.8839284114548343
0.890821511392214
0.9101501090032309
0.9211256449911723
0.9827758857741665
0.9832555560762577
0.9973613203091288
