0.032155037
0.03583306
0.036658347
0.051863372
0.0710035
0.07141495
0.078271866
0.07877189
0.08280522
0.11289799
0.122668326
0.148
0.15783685
0.16130841
0.17298299
0.21963662
0.22465801
0.23039389
0.23874187
0.2412405
0.24389309
0.2482745
0.25540417
0.26775634
0.2763573
0.28081602
0.31564403
0.33360857
0.36542028
0.3672334
0.3773058
0.38457972
0.39951152
0.41785902
0.4196685
0.4414453
0.44255573
0.45207316
0.4536395
0.4610849
0.47021288
0.48154962
0.48191392
0.50012743
0.5090053
0.51051784
0.511778
0.5275182
0.5619866
0.56520724
0.5727959
0.5952354
0.5959439
0.6175781
0.6274924
0.6418408
0.6429149
0.6569058
0.72129995
0.7267232
0.739369
0.7558181
0.77081865
0.7762126
0.78065825
0.7890003
0.80438405
0.8051284
0.8128069
0.86206055
0.8752276
0.8810369
0.90030736
0.91330075
0.92799586
0.93131965
0.9651637
0.9731922
0.98355377
