-8184211770121725578
-7997409743615698019
-6837391078028729331
-6703808938848535787
-5885620069021575034
-5054020671343362766
-3597336900955797150
-3512405151599346302
-2640694932891404179
-1111161454596671392
-822383768573625154
-776489929682702349
114865414270951129
451523122975856499
728137732957275511
761257534948820099
944219502265549406
1204630393483213610
2297650559178410806
2972275041933341122
4892192216607888124
4992394354336369205
5457258678866185941
6105943458400915302
7053997993073886768
7055637318819825163
8065470055617275886
8288089576490132310
8298456980458428664
