0.05457438070003662
0.06961548852076926
0.07309645641007456
0.09022445765956699
0.11421008023176749
0.11588917335328575
0.1298636897356712
0.14713152539411278
0.2265560737866873
0.2342260005388932
0.2553994197761603
0.2678171593777846
0.27603153618048615
0.2862365361818402
0.32077312734830365
0.36051819523960127
0.3709850254760432
0.41060737029753236
0.4300552653548534
0.49268444890516716
0.5203287437282498
0.5764870107330259
0.5767317816389835
0.591110563782754
0.6053719882550744
0.6184586608059719
0.6241749055625297
0.6978948850241085
0.6980677476594482
0.7123410765267851
0.7160447965654321
0.7409684909736277
0.7662698090171683
0.8128555634918695
0.8420186316071557
0.9188734597183831
0.9308532836263325
0.9632469670058621
0.9806937359035252
