-8998475112457175943
-8151576717351322495
-6760062809381292880
-6353921685193879703
-6234943847210514832
-5690839029254281859
-5128958464191643796
-5097739545456839266
-4833109578256328389
-3622290391536004457
-1673208290627795677
-1600107914042633808
250675463399438956
1488093645432784807
1492593949724702639
2494448576648941519
3158283154664489673
3651694171459668779
3680430322232889894
4656679838293712298
4861643408784808668
5560054062596464387
6338268532453446014
6913131789554825616
6942731782609978706
7634563343017163326
8114660151657854493
8168905843717198927
9087473132202328563
