-2058086767
-2045786133
-1903428400
-1847201437
-1841241547
-1758793065
-1585149649
-1543233278
-1443631206
-1406497899
-1289617422
-1282268269
-1252630841
-1229530920
-1114270212
-903382851
-883742350
-742202342
-711128596
-683073199
-628180460
-548204281
-542931088
-481379755
-401948432
-366002300
-219169304
-145895595
-65032004
-24997016
22653623
194942795
294937046
369722788
499012998
520926191
568699219
673180558
694969265
713133766
802475453
813498325
871603731
949912792
974475046
1085209314
1141334179
1172277070
1192895808
1263156356
1271040467
1290725711
1510690897
1673280852
1685865686
1767655927
1784605879
1800710179
1818605194
1824677157
1860149768
1952168581
1962213594
1963492541
1968218470
1999692007
2059866047
2127354834
2131973346
