0.06251677742938577
0.08892827302296613
0.10331294590032292
0.11255107757468741
0.11528815203404841
0.1354197590058469
0.18500623609297084
0.2028721350480911
0.20439514911786993
0.2045662231332699
0.22638189965610012
0.27155107159248815
0.3928212748925708
0.4106863241031321
0.4129691933747157
0.41660195212223883
0.4669450435809098
0.4724585762657014
0.5493717516423999
0.5608776861851057
0.5611648162044219
0.6185052621267708
0.6794183057040851
0.6820776516487068
0.6899132401732502
0.7210064497312545
0.7323262850714337
0.8262263719883571
0.8387462441465514
0.8667807622714713
0.8828551676313309
0.8992016818623253
0.9200196922673751
0.934807683635565
0.939248374756675
0.9410218047051357
0.9518770947924002
0.9598678685393419
0.9959425162653318
