-1902874706
-1805832359
-1753159670
-1738447265
-1623988900
-1586791348
-1528455840
-1511917054
-1440471466
-1437024311
-1271198698
-1234921075
-1225794892
-1149275958
-1124168242
-1102838361
-1092024627
-1058625270
-991989047
-844369520
-578138673
-409830609
-302889759
-212595516
-156454063
10357199
159751684
354638355
375140269
419009770
523351425
536221777
557861516
620570680
629637693
709719668
739187518
744470709
758858217
781753075
810353341
880444921
883535579
1125541282
1144404993
1276603504
1291651944
1357872176
1385340265
1410532442
1418864854
1494156524
1503613469
1628145201
1734483653
1798695600
1892541574
1947398351
1994552947
