-2084307210
-2043755144
-2021169494
-2001165144
-1960511204
-1897751115
-1871366313
-1864208091
-1833248326
-1692508452
-1643072630
-1635508183
-1579049819
-1521216444
-1332928385
-1261411143
-1057780278
-967746238
-937642891
-928589832
-919018337
-893293734
-864006318
-808474527
-786858744
-758342671
-578668548
-339082027
-219796669
-73914950
-60994067
42735958
149015694
217710503
219086974
300160794
324239596
447460688
455683767
473951814
496836775
519800370
635851846
734997530
878393434
879654969
893777002
907245732
917584490
919104264
1056866967
1058526257
1075623558
1080606132
1174557262
1301964684
1415527233
1537487445
1555019874
1559720848
1589376930
1626354585
1626564872
1639936062
1869482593
1923200690
1994371212
2009343014
2054456150
