-8784180948260942608
-8634645166281969042
-8601829045985862459
-8273742671210130946
-7005050588879112209
-6944209941973018401
-6696212926769347929
-6014142583327194261
-5627865416263235878
-5586915404578691930
-5388910227728920296
-5303837497267767409
-5034492176973202306
-4924898356841056457
-4775741897580924679
-4708248750163843235
-3800120764618954259
-3711424698003264144
-3464963092749498523
-2983667960209789067
-2868540392217156844
-2681291686271148245
-2421527163971266562
-1646660394237475977
-752058001792892381
-263916826650024739
-211704408130326666
384721667088734252
396859614939954400
892949788849579126
955143659792795877
1055703187024054002
1130198116128976441
1190201570029044684
1514003426762343112
1751532821093116533
2256519615462946176
2349036729764440440
2697241642539924262
2751186598771032515
3146985157823691255
3466465520826719143
3496206499808955689
3558654933187576121
3876229323950860659
4001573859708476665
4762996053295475125
5005453783347158031
5038012824975629652
5124572892229226150
7369112551664286830
7709753000947812049
7874750919129131271
8065349237446430521
8173504073247646310
8578552093205596361
8679320562541298273
8698094477931311481
9207000089967308934
