0.020299911
0.04211551
0.049223363
0.057018697
0.06335795
0.10220653
0.12555003
0.16726887
0.18245387
0.1842193
0.19314939
0.21439844
0.2183221
0.22788644
0.22791821
0.23614544
0.2665158
0.27196932
0.2843758
0.28651094
0.30856532
0.33000195
0.33173078
0.346031
0.37077075
0.373775
0.38718063
0.39733207
0.43054414
0.4327585
0.4646268
0.46698236
0.4723841
0.4926802
0.49403322
0.4942308
0.5304882
0.55260634
0.56220007
0.56969285
0.5702915
0.6104076
0.6125633
0.61875486
0.62501556
0.65789795
0.66042536
0.6605233
0.67880106
0.69668436
0.703235
0.70362145
0.7094303
0.7303247
0.73159695
0.74797654
0.7666692
0.7741307
0.7764335
0.795908
0.8152638
0.842395
0.86243397
0.8668374
0.8717176
0.87406355
0.881204
0.8830796
0.8888979
0.91461676
0.9147648
0.9272172
0.9525617
0.96577775
0.9725227
0.9780114
0.9847651
0.99385357
0.9990945
