-8517481354990719216
-8387184284803296289
-7552552257981379722
-7512801507933829913
-7363676212280503089
-7004985528157825064
-6667286510535656556
-6561117076572150461
-5770076390717918932
-5621593713909268364
-5272757259153271575
-4696513652180745370
-4618639513531488848
-4425637248619797036
-4290729114123724157
-4256826314517684620
-3862507423651831999
-3738385172444518251
-3442198657237275211
-3287564122788913169
-2892379871227203008
-2442388833667232090
-2049564253532837728
-1834512304404551134
-1235660775206651662
-836748960600329989
-676367026612186448
-309476502388182547
-201238551591419691
-90596105372692876
327994277334767307
721330260917989226
739204735135280254
1854246420875447141
1961199457083496638
2002314154537298270
2049377833373696539
2116350136262820315
2708198799262974975
2822226410639318658
3126141292901970539
3442050105649086469
3701687110240535076
4540171311371947845
4886293493041157745
4945848864409378595
5111082409772704312
5824651993079580418
5927616346510351784
6000454848406837753
6503340690545389712
7742214500876200839
7849234797823550956
7972010722213112596
8150890195169676443
8441399302122935065
8539730703560241159
8723848628245943959
8744537514549797259
