-1853895914
-1849935545
-1831941756
-1761223910
-1758116341
-1735839350
-1671666607
-1487596098
-1487195042
-1456965688
-1268233555
-1221447014
-1154682009
-1118606730
-1118523291
-1088021800
-980745979
-870905824
-859783002
-858123712
-775060405
-741761255
-722660990
-701043870
-653429110
-437538791
-434716933
-420717375
-323854694
-165424998
-150766882
-130959840
142707499
246276481
269621616
320554413
326437987
337357030
493838865
496953505
531929752
563610863
641930959
676131777
676247695
876338010
877936607
912473141
961969866
1035398631
1201685779
1217122166
1229200567
1285190276
1347117784
1507422030
1664386328
2014829900
2123838894
