0.014043721228493955
0.05648112014856621
0.05713724491576755
0.07530636431136184
0.08075835663608755
0.08422271737027565
0.08609020861267391
0.13238226002648135
0.13968498393694062
0.14262305678012355
0.148066494011714
0.14835016802515755
0.15904281787330876
0.1858739348541807
0.2033688387489725
0.22927369464835445
0.23548397606793425
0.24867868464291232
0.2551322695232503
0.2647615828661063
0.2667588189949358
0.2924335075586507
0.3056021458618856
0.3062649923370754
0.31206609314291067
0.31629067394378807
0.3424506606610641
0.34628426381291855
0.35316417432476876
0.3698647272895371
0.3704221155139865
0.37566031407887446
0.3781378946509608
0.4283882950800294
0.43827489061449754
0.4532589766428978
0.4818687433098535
0.5192826359225885
0.5357863323792503
0.5455792375109164
0.5691111700670919
0.6063548699119374
0.6068174572171865
0.6379162359663715
0.6384693996706654
0.6610205502400116
0.6647232972868471
0.6736730882057939
0.6815088635324147
0.6918807352258318
0.7076593740871508
0.7205275597697127
0.7238013934139641
0.7316356032057546
0.758429211321055
0.7628803136689961
0.7716444786702918
0.7735097710145634
0.7749768740107005
0.7871666524657498
0.7885325672928089
0.8206369600796576
0.8215607113825862
0.8317885772860497
0.8758165301774908
0.8822154706584505
0.9156745979429709
0.9260552966789466
0.937349884302227
0.952692468821885
0.9528404157448411
0.962351487504219
0.9670680137224481
0.96897546889754
0.973586318914714
0.9809415616753075
0.9822840801618957
0.9879309973921697
0.9984044456256627
