0.04750861344915436
0.07878954190984444
0.11920767635664198
0.15226833001822715
0.16339925164422975
0.21216571135945594
0.23494800061900978
0.2377953324973865
0.333965131103501
0.3562693469229513
0.36039180499561607
0.37336521831155334
0.3910982663166721
0.45732398405722396
0.4633029128813617
0.46389072414114496
0.4655462825050223
0.4738555632076651
0.49269557943823417
0.5378273316672727
0.5460703254320499
0.5755748273376364
0.576961834615674
0.5872976676521081
0.6092704448103274
0.6184432730787807
0.6472007573464649
0.6990151458643323
0.6996880215481132
0.7115451909052594
0.8226435210702422
0.8485321674017379
0.8768115947333006
0.8792754029295553
0.9111351886428194
0.9258617174483205
0.9375177697635457
0.9437657348107965
0.964835306278532
