-7460531313483046907
-7292758572879100148
-7287495693844796810
-7243219704098512940
-5982592766228968419
-5712219909118343100
-5658030509180877472
-5427004201409488756
-5156832620201580860
-3613130506476077052
-2884142912279704027
-1627286738142255845
-1444841575776261221
-1420962180223284375
-1287481636184038439
-755930692484585485
-238790500946795894
200228300820818395
1706518809143018602
2033807715037759728
2768891895051983453
3718557574554410484
5809442024843716275
6164285863114899159
6424943408975862810
6938394737413296737
7048328906600529881
7109791537726891627
7449579756662737810
