0.017837100508833914
0.028666114107870566
0.03035156660571292
0.04321655188820195
0.08346589724757647
0.13923729245105176
0.15773589885529482
0.1932172818284773
0.19743680769582994
0.22043147157195686
0.23747409032637734
0.2879757270829697
0.2931299288912872
0.30780618213995614
0.3124440823033766
0.32604511081525855
0.34567782592884544
0.34773191264445946
0.35137113991938873
0.3571491807783753
0.3927371199854355
0.39805277376402226
0.4095247392856469
0.41342002022606106
0.4253941079139866
0.4301390477805416
0.43543315505322366
0.46555647276172785
0.4714394837099184
0.49777583578450424
0.5030553395423447
0.5294978788732743
0.5401482551743845
0.5403786673658099
0.5479938623518932
0.5561390267127274
0.5858988658797705
0.5912885173993097
0.6114532477364534
0.631571768880646
0.6348257744854667
0.6405385328500067
0.6593489889171704
0.6671949991874858
0.6859282337114767
0.6910789229235269
0.6983522596204432
0.7019074172281544
0.7309605008958737
0.7317054703678177
0.737116026086605
0.7458036427427585
0.7577777121713984
0.7631504090761843
0.7683509477069903
0.7914620142352818
0.7917574106540363
0.7984412078121569
0.8073136857375889
0.8128742974196421
0.820230241770327
0.8254513518551634
0.8386753383951197
0.8517959602339594
0.9212098522983588
0.9232763290750917
0.9246709308651263
0.9283251065366548
0.9381031306227496
0.9390525681484403
0.9392227201690807
0.9438368976301398
0.9472089543130253
0.968376782323656
0.9688911796573055
0.9722452154275679
0.9780641566015327
0.984344803360456
0.9918535939422091
