-2107623087
-2067548344
-1890895057
-1874969252
-1846882966
-1669653373
-1588803239
-1559846907
-1484200131
-1480669988
-1432556745
-1121093970
-1117677956
-958093292
-917747662
-883647573
-834618926
-814365453
-631094153
-598693449
-536752412
-495519290
-454716046
-332132428
-165365772
-132587378
-126758523
-81103179
60707208
68846858
141929913
179809700
184451618
192472780
243565419
268251769
280621228
626598517
668410299
674396162
772363311
772820248
793393367
848541757
1037830565
1050179783
1225446121
1287030755
1402226411
1446743790
1450183357
1480373131
1509662737
1593565859
1807032399
1940528198
1994884633
2117411052
2130283710
