-8914084828247059903
-8745005571419240025
-8465170973018027325
-8357577231910360014
-7970578617538717826
-7671568988560976518
-7479124657245018536
-7393749027570207321
-7317665313924775707
-6724832927899189275
-5970270418928199350
-5760862792427262641
-5514241514083958421
-5474904727702928649
-4626874715101474050
-4217218639030847662
-3989244431784401431
-3894932080206954338
-3698793888652992990
-3409341854222918446
-3377110229916449271
-3069533288605961646
-2685242212415242844
-2496474799234040544
-792465996373797037
-601539337223765964
-556003693460017218
886455985771546553
1216072498628608330
1482088427624687669
1765845539592032357
1846849760803142137
2133836385096497182
2503355298117056834
2672474008425481338
4001264119348879729
4951529777429508978
5109275880195411185
5194437761691124678
5500983161422413237
5641800966782869315
6227079970805466450
6480888178122253551
6501820302126020200
6598044577313635799
6636174033028403398
6647916776120552430
6820653773476135353
6893236836808810617
7079210566851274950
7714386451576012268
7760187721215992176
7875928584151046707
8159924562304607494
8281857753884107821
8641759361046741296
8867793330240035155
8986230939533124449
9078396017873256113
