0.010180867827548679
0.017295509618429517
0.01927447031123153
0.04854604767721471
0.049478005614537524
0.058419187755984314
0.06505641941130347
0.07010783687934175
0.07255733783778695
0.08341488081758497
0.11677785817969522
0.13997363105318972
0.1489195626518045
0.1546875294168345
0.15816068744358436
0.15968957866711375
0.16273806249004974
0.17942864560963745
0.1808825082452329
0.19902704435667684
0.23827199117156206
0.2397015996900571
0.2735373643652166
0.3197790542172353
0.32352843564960065
0.3264658751074365
0.3408947179356532
0.35506743417087383
0.35904502565942564
0.3621407675215025
0.38021629564137116
0.38973347350130894
0.389850131681415
0.40560797289738215
0.413570432132944
0.4478513186165419
0.4495972639292155
0.45826036521720637
0.47567103350819673
0.49599069729777545
0.5041814933174114
0.5119879141762653
0.5177629195952371
0.5256731113528608
0.5275097568673579
0.536215634757796
0.5605858327997547
0.5706704849105922
0.5813782098719061
0.5887868497803205
0.592315218511404
0.6126152667960674
0.6256037868098927
0.6393957354565589
0.6513512528934561
0.6877439032844357
0.7111326901404521
0.7172182931719269
0.7209364140337551
0.7263490826508351
0.7327606582708162
0.7632508002742205
0.7672835732297908
0.7861529878781311
0.7883770667370058
0.8001734943223985
0.8049360449366939
0.8213265965907287
0.8374239955371815
0.8431116049053646
0.8555866252482482
0.8835113449131407
0.8981876042949506
0.9047323987109873
0.9283199125749847
0.9403730597885285
0.9660615703885332
0.9675231360905702
0.9938087979111063
