0.010859170872464241
0.013539022646493315
0.023763361490922397
0.04894824588511115
0.060480051690194436
0.06107863611128117
0.08541619347390972
0.09449380226489945
0.09701817789850642
0.12867953427127343
0.17540445243686498
0.1991901334109557
0.2017543922191507
0.20923047888160995
0.21397077452892965
0.22075413581639025
0.22288908940451424
0.2319301753130275
0.2481067578607844
0.263638372822225
0.3086931005965706
0.31915586517067274
0.3384805973377165
0.35275269605303683
0.3620673962111547
0.3684177099145818
0.3800282553536609
0.4115484742651845
0.4237788638443126
0.4379985986156024
0.43942838230797354
0.4449628916182906
0.44837334675297735
0.4761766517752686
0.49770737943246235
0.506319188205519
0.5401076130208673
0.5644742317316499
0.5690351774392841
0.5857505940266766
0.622260113243357
0.6321617323812327
0.6380566095034919
0.6641913730390446
0.6665789311577249
0.6678160670828396
0.6846118321447896
0.684811618545597
0.697993268657147
0.7163270183752966
0.7181975611765175
0.7366977998349613
0.7404313375239324
0.7516102440012644
0.7581234900861458
0.7596290467760591
0.7721725247109763
0.7795391854158449
0.7845709351342699
0.7947120218147711
0.8020013026842049
0.8151558828823352
0.8182780721518486
0.8240169586007432
0.8370289178270912
0.838132804000215
0.8414108049778156
0.8513510939877037
0.8592532123078734
0.8634002663972966
0.8667164738594951
0.869844473418308
0.883059201310155
0.8900678823860525
0.9197664040249551
0.9471559219979457
0.9516249786808842
0.9526306540648476
0.9661119628057515
