0.0212117079530324
0.022408485921869836
0.03534380381444413
0.05671201447421914
0.05760403455496799
0.06682642845055231
0.08189440383630009
0.10438801365687511
0.10556728781720548
0.12169787439607138
0.13662309970858866
0.14021382669221105
0.16190893289371433
0.19199345074214302
0.20309055248660834
0.2092574957839839
0.20965122066973163
0.222898437038497
0.22498130828231833
0.24063311493392647
0.25125282506445934
0.26416631597991946
0.26860621390861916
0.2858217419601099
0.29292379428635085
0.2966480507357334
0.36240762441411944
0.3670737870083324
0.3819377440572326
0.39266828203480664
0.3982198258688602
0.4174700326660251
0.4270279994908166
0.4595572696775744
0.4610347563023247
0.48884774826071553
0.49579484580947264
0.5200427641170593
0.52102691371079
0.5291183628481945
0.5388042704579324
0.5400730661400075
0.5495808700574379
0.5560946760607083
0.5581192174942832
0.5664064208480495
0.605070031841046
0.6057885844357692
0.6108962464575606
0.6161353499032852
0.6439330793598508
0.6540124387664102
0.666915016088234
0.70388368045342
0.7084829211139052
0.727408257230547
0.7618579441710671
0.7734227313995259
0.7889042532079502
0.8074248802594712
0.8105145977239854
0.8249646856427504
0.8416925193524059
0.8502417048652392
0.8545334635105181
0.8805537727680613
0.8936145817321037
0.8985207182037359
0.9459605248991679
0.948865121604206
0.951718557993646
0.9521581819132406
0.957780193132289
0.9580625867514783
0.9596653910140489
0.9646539385761015
0.9759740545577398
0.9879873986144162
0.98826585835577
