-8555423712984244125
-7476079975462587417
-6716606234728144782
-6422034872432215930
-5581600793593411904
-5501113482052677846
-5423587912684010486
-5389085244053670787
-3918245181885038275
-3161967000578330879
-2791153585438572245
-2282940146426550551
625497571008495927
1130494765506274679
1524888171137198381
1707039490771603633
1876330594620978879
2600010914997069169
2788067420230309038
2970253808134867307
3087354449830429521
3697663412898360702
4298118254988709216
4467959484565843162
4809498457592794244
7701876471446513594
7732348196437529826
8267788390502076347
8386468542770835757
