-2067258076
-1988497192
-1813826977
-1643756596
-1556435888
-1549547486
-1488839527
-1468067794
-1413345939
-1280261851
-1187022515
-1172715491
-1149859353
-1064835521
-1049422244
-967256078
-897488865
-779122998
-379065933
-336402108
-322023157
-150068232
-67661853
100276634
160252936
218434866
296462319
296543137
361436342
419032204
452068669
505432930
508055215
628020053
634110420
639773583
660701002
682023713
779326472
826845222
829693478
898133483
915132653
996587874
1044263418
1111254548
1220281106
1267088907
1356194698
1472467255
1590978613
1695276957
1811517799
1823205325
1876288990
1898785683
1961498040
1994948982
2078821509
