-2042766850
-1951587309
-1933459940
-1734637565
-1695833657
-1676845431
-1633891425
-1473134211
-1424003843
-1298500000
-1050462880
-895233595
-860580225
-786676093
-779558679
-778086297
-766975979
-736484321
-686186302
-495738535
-482332007
-448063589
-363955796
-281393822
-178974800
-56313738
-50329654
32277164
98316519
106213569
208325275
232477294
301208497
346311868
389740736
502790010
512928133
627788000
641174254
657980292
742482929
772457377
857565721
897924125
993202293
1021251192
1056213249
1058564875
1138206402
1356357258
1383383935
1404724968
1407177454
1646385097
1697080262
1783986818
1830963811
1847436730
1866868659
1923278541
2002332795
2018327482
2025588701
2033304812
2039058902
2083487382
2090846752
2098519651
2099392462
