-8853985632926083510
-8451682125535765464
-8442389080251289949
-7381768872322773967
-7231788733844499299
-6956941943648237962
-6661900851294819656
-5469064334295314399
-5135624166902425132
-5010500285763585861
-4089257804123817109
-3966334562217174796
-3598917919265768507
-3569085518371931904
-3369344943063678617
-3275561040194757352
-2975402156257273459
-2271827704174428484
-2205802818952705240
-1987277949685141723
-1967746786306675867
-1922297865385167935
-1876417898502864388
-1835852145920553233
-1601557466447621612
-1445509869269601577
-867055699823130096
-616576527534646507
-92278577735255924
265912243381755688
362781009169199899
1377841737867487626
1901334976020025431
2152139172561675221
2165735129169096017
2290746262789783775
2679400536969841211
2730365227921400421
3279614197507707367
3309366895205874170
3954118812684845176
4456701864448562867
5101887420967326606
5703228877730268177
5751712902825934368
5936831756447420443
6063259311949000756
6118918901262861445
6231291400577679882
6585012420131052507
6662259654098453308
7232761385684385711
7368947160877922041
7678831934955094481
7799400656457481161
8157166273271056807
8686034622520615269
8844273298862740737
9059123265430786735
