-7464306042738599929
-7315163974406863639
-7234337942446055147
-6607728938524559368
-6128142109272504723
-5868423303666906941
-5809569521068691866
-5071309380562859421
-4270701458025183783
-4014895401616684557
-3704660350606390964
-3515720691323259186
-3450151467367735224
-3328988672608572633
-3267447632075147130
-3202988833122198765
-2374393541093777699
-2073505124550156462
-1461985558984943411
-769555521910245061
98396502080481177
424251326909419023
520904416233946359
1088530612318000049
1237549974497214265
1839275430412899876
3983216185387333641
8070846347711752289
8464837554576732856
