-1920254563
-1738727279
-1709272243
-1621915531
-1491714251
-1374385691
-1346726033
-1278561413
-1212772336
-1206817073
-1158611145
-1003428197
-1003059599
-952404453
-922004387
-910016191
-838360938
-813794069
-716884357
-626243285
-579383092
-502260154
-397554293
-278338787
-198057725
-127444156
-45389250
-43930805
67455387
129357509
298043170
383967624
475580338
479111654
537248257
563376766
602000157
607046480
650529249
695558405
697610366
916653800
918594821
937023435
980947543
1149358618
1160307223
1271555067
1317640517
1375914259
1390892974
1440722189
1471961389
1673876355
1781890631
1873427280
1876455343
1978958764
2061396768
