-1994030940
-1986065233
-1953759599
-1819531325
-1729143271
-1705810777
-1571726829
-1552729590
-1484715070
-1481263419
-1385303255
-1362483576
-1217570930
-1102363131
-1008498248
-980943432
-962490338
-941791986
-874790439
-864551102
-835657321
-759737076
-682632386
-643435594
-477068113
-391718861
-365140081
-295490482
-227802139
-173658879
-134653997
-54436396
-41117246
53049041
138310320
180715627
235902170
270823816
291591161
310052082
330588834
371469413
377896835
565544147
621545033
641522101
717731278
729586520
741697845
759633307
770810453
1231669030
1354099688
1381141684
1450760307
1501486525
1522677839
1530449579
1626019470
1711561735
1737341215
1771198762
1891097131
2074924958
2090372008
2094313450
2109040391
2116834508
2147325976
