0.015416324
0.023317277
0.028801024
0.068862796
0.07150251
0.083880484
0.08496058
0.11177063
0.15473443
0.1696186
0.19685268
0.2063992
0.2073679
0.21711057
0.22122294
0.22617233
0.23116624
0.24344355
0.25845367
0.2588781
0.28496903
0.2917272
0.30910003
0.32697892
0.33334017
0.3436464
0.34760797
0.39656192
0.42313623
0.4251675
0.43988842
0.44008464
0.4436865
0.45837605
0.46136814
0.4633178
0.46684873
0.47770804
0.48093194
0.49031037
0.4947431
0.5162772
0.5213098
0.52368826
0.5527485
0.5555592
0.560798
0.56453156
0.5965513
0.6001338
0.61121047
0.62808156
0.63818336
0.6734869
0.6756355
0.68178815
0.6970084
0.70252746
0.73616266
0.7404475
0.76259446
0.790976
0.79939204
0.8084005
0.8085453
0.82488406
0.826813
0.8524008
0.8919065
0.918739
0.9245202
0.9281274
0.9292859
0.93621796
0.9390467
0.94190174
0.9425923
0.9661365
0.9710427
