-8866910343170993513
-8340918269091832840
-8004171070335557804
-7991683519787517863
-7893981212933769222
-6785152157306881486
-6011422942193126954
-5822428231087602574
-4431674044107744589
-3921304864131706998
-2405683316805132637
-1658031008566780601
-1579961899102128419
-1549463402250473087
-1481322349626772327
-568045797422916293
-363418468314696000
153244194757928551
1056437307887211501
1704095093089742825
2584738124488563208
3731627228834302270
5416759154840511045
6775598030699564113
7106455800078700344
7671591970512990702
7752083390261414501
8097800318576482134
8145660442991549821
