0.04768457988279873
0.0704270447758727
0.09905604612325192
0.10370928974444471
0.15452711098620076
0.1591987681507503
0.16799779737810927
0.21371898049686244
0.28918196788069805
0.2962006985886104
0.29984233191624865
0.3117175946876459
0.3146103336874133
0.3691626118525473
0.43474876579747035
0.4411962042070905
0.4639178082511427
0.4749336746526971
0.5336744710601995
0.537721615085912
0.562059080816334
0.5716941044348399
0.5964994090926409
0.5976185647712378
0.654811536730978
0.6568933109503651
0.7067393217438653
0.7416483379537296
0.7451571717237134
0.7665226010974047
0.7707400251480166
0.7807672864166905
0.7855963888687785
0.8136918206375913
0.8536081082670774
0.9400013890816609
0.9447075203315493
0.9932517283470093
0.9948529504893197
