0.0519900432056527
0.10412545055133493
0.20019741339541286
0.21895846270738117
0.21941793456097858
0.24345687103208724
0.24618600824966064
0.29598538070621105
0.3426726388097292
0.36196697713622294
0.3881153620055111
0.3992279620728971
0.41018381627305567
0.41171663009166504
0.4155423801601894
0.42012275517468334
0.42506161357866423
0.4568875692223584
0.48474802056214317
0.4970595827178794
0.5001324299367595
0.555187027708868
0.6809052666253298
0.7489930598227018
0.7628515143815431
0.7713518473591185
0.7844717298084863
0.7985351544467976
0.8106531910157156
0.8166789353709125
0.8270993750180848
0.8812875041836468
0.8879557658205217
0.8886302302408874
0.9006554644349573
0.9021940117137088
0.9409504022797788
0.9512619059641554
0.9533122176957721
