0.06589430725290979
0.06875791836162615
0.07059456766842054
0.07709065965781214
0.09110618855568542
0.10511249920395149
0.13034609249223716
0.14428935109233743
0.1460418066354262
0.15409996944047177
0.16828762335730418
0.17225524286057026
0.20496894475845417
0.23281370081105845
0.25950103849441053
0.29058109286926836
0.2963537204911467
0.3105152605864956
0.31290686766425135
0.3182587598383648
0.333483897519535
0.33681984248529107
0.36121349742587405
0.37204671083721863
0.37970412090555894
0.4267972183923694
0.43821840223409536
0.4390831410178614
0.46455859671019706
0.4711058786757555
0.4734160347128419
0.4734845039490607
0.4946500163509284
0.5090788281366714
0.5289591341917652
0.5323018226088687
0.5509632574221698
0.5594150266948452
0.5595868415129643
0.567339398195684
0.570220189226709
0.5812820392425317
0.5842787032977281
0.6076592005270681
0.6077936147156935
0.6479579543660229
0.6630091191279872
0.6662197417597583
0.6701430822904642
0.6803375453011175
0.6909923409534514
0.6919152539168032
0.7130842892285304
0.727018473797114
0.7336906924857234
0.741373539869852
0.7499952376352172
0.7619455772035687
0.7626804287888738
0.7682007676043806
0.7757528890108484
0.7765721120079556
0.8000840994466817
0.8383026220438471
0.8391937415024523
0.8567912590366783
0.8568789631908678
0.8656928971738572
0.8717936206014149
0.8733152165100618
0.8872585957804511
0.9006166813751643
0.9206456656736971
0.9244961639432218
0.9295899164750402
0.9327577255398857
0.9409246247588078
0.9632639424214949
0.965464075033526
