0.033027754216200744
0.0682451298824871
0.07326924446634764
0.0837739202654727
0.08419716684692513
0.16024259076326353
0.16688113127044435
0.21108770210508576
0.22025388109150323
0.22319996220794724
0.2373721469367639
0.24373094940615925
0.2714855682530173
0.29302135890809566
0.2959233945519576
0.30978740620255374
0.39190759137930087
0.4035600300454001
0.4120966849190797
0.4138867304561069
0.41576638795866727
0.41761443963273803
0.42588442047672126
0.44299400482235973
0.45052069375859327
0.5224822956394157
0.6369270309612247
0.6813485833922489
0.6819950948452939
0.6863474791250443
0.7435988734800602
0.7526795910661602
0.8286584768904812
0.8600606148743555
0.8667204063580269
0.967456418060246
0.9774154919461062
0.983303407046058
0.9844114357084738
