-2141232353
-2055380296
-1961261715
-1790974098
-1732584034
-1578676418
-1573939183
-1481486791
-1466359766
-1422534967
-1382365266
-1365552272
-1321388848
-1252501187
-1240197342
-1178754084
-1091499777
-1091205218
-969223648
-801133316
-797458491
-776594929
-583026498
-575809102
-503643675
-503146092
-474690704
-407793981
-374404420
-250087331
-187064825
-175601931
-141337141
48529943
67516540
86877394
107051420
136231483
214497443
305461109
441915132
503709783
529105759
733775487
774664888
810047588
893911747
921579732
946751141
966398658
1054260690
1083261150
1157683847
1213660138
1299010440
1358236792
1370060905
1375443634
1427790031
1483377261
1557958828
1641540091
1657195051
1736615452
1757288778
1961791946
1974530448
1984246961
2066798444
2122220204
