-9142624359684042821
-8428075358862092225
-8397419323663055349
-8160541288548199519
-8156472936977901232
-8081695261027448030
-7961848394205895863
-7669498317711765766
-7575891335977482034
-7027652678963413176
-7005927879791973173
-6752275066347308722
-6461507296909388537
-6424454964087668130
-6118573020148027207
-6010384394082616084
-4519927352322516707
-4238033949026791457
-4196860161085475962
-3251069988148700888
-3244798553755402428
-3235212544926467671
-2918927858020408698
-2013028867075644194
-1699518516050259978
-1589144609105911234
-1410412427185082361
-1183198001406876044
-937424850397487379
-817242593458898644
-681420281985111991
-643927280454378641
-382279362043785727
-305017466682574396
-260930237351044668
-201897096961641654
-1684186362959874
616911927058825975
1409752822026430162
1682198982406333694
2019010074453641379
2082692228839386573
2649705409681300335
2673929751096521521
2937613340433249196
3733456262550039702
4299463811464003108
4837158988447965702
5027702653405883791
5372578497058676592
6042667837475445739
6091021676574131381
6091882562920197355
6387413881593396279
6533141363307923992
6909080518665504796
7056261977216961978
7513292580507094609
8627005262863267775
8632669362460754435
