-8947193217063586481
-8670753580574450564
-8599925764077579618
-8595401610364584858
-8423594707888099495
-8223086410350981777
-5314018559678204694
-5034742265258638664
-1722063056055283082
-1532854235761325666
-1496320603046446358
-1462058444252917263
-1336319613030734492
-923983680451614582
-374018176336637522
40015177300607041
106446406933387891
833034012017019708
902134850213136281
1106995850097228832
1297230249054874889
2761500572285673345
3812246273351610848
4962965006145334055
6515540605252741035
6929086002251106074
6962099418903082545
7124005886088394103
7942677728557794275
7976325802381087180
