-8725135533916580625
-8468857242713057507
-8210588726446448903
-8206769142303863152
-8192410267162544589
-7817957941069800908
-7640421398379018942
-7057979344501448021
-6792989347030364321
-6615397733020975658
-6351721363568906106
-6046392595770636152
-5221926266457285717
-4897096083737887055
-4695393862014466329
-4578057641245780784
-4556479413538440426
-4507179466614715419
-3953670490450998165
-3641551894362441318
-3246415844815287192
-3012940563555816602
-2621251943889429331
-2449142489735851750
-2247584112403671514
-1703040579154291381
-891992131460366308
-755053255300031421
-325905593704836214
-96879962693888811
-30454534369632630
162966265456740948
313673019853341656
396432447742501414
432123285649401025
573636628937710384
649445975457395031
940875545212757168
1702735934077208447
2040002996404248639
2495643939977008484
2842831669851571262
3218508767255142385
3219047879133656438
3756069536659729225
4255478650648372671
4921978344738554709
5629970343044981230
6029247754345826430
6346418466403304774
6722630878899608307
6868202222186350824
7054080318297924017
7080382477128550540
7107277154660406328
7469222012915345676
7748439871243919666
8246481133957454380
8590424466013552021
8623368892832407532
