-8340255445111052857
-6176279140427234978
-6053532397296724442
-4783958675364055826
-4555107973312950238
-4484498250791701178
-3992956698615198288
-3674202955529207083
-3606445699221754717
-3573725597897169939
-3565381321460220017
-2212645171749860455
-1718860747172295767
965301656116970194
1087098941099071103
1320344297591441560
1561513187743804478
2163010598113734280
3713153320809341187
4283914198649109877
4708993814841783915
5114225984252849750
5350979560561369892
5360784146206564247
5818851321484599159
5996568849957573564
6877126059711261135
8226211258306486511
8382405701325686679
9079015023192672110
