0.013480477414803849
0.0361018931342556
0.07755089707390306
0.08188555930438512
0.11249191998392305
0.13166605971128886
0.13818128670931695
0.1641238923036914
0.21870089877321452
0.23499258496585174
0.2708494145770046
0.2722108331989813
0.3332204979985752
0.33537020392172723
0.3590630701255566
0.42211781885565014
0.46182296312087767
0.46495438701313696
0.48601816830786193
0.5259283086720924
0.5338741580592258
0.5746892942802527
0.5923152682523074
0.6124853267142196
0.6148827999819024
0.6329634908963672
0.6361550555125434
0.6742883863252679
0.7146044309875346
0.7719568723272209
0.7755715434920285
0.7761020755048295
0.7777296889320228
0.817668570570565
0.8286042205940259
0.8427441373454155
0.9184819650690235
0.9203674244067919
0.9330084566812761
0.9588967975259223
