-9196664816304983661
-9186547512432375903
-8930649519450009125
-8444007195424942276
-8223518828139407848
-7844662309040525370
-7200789527063738369
-6395278588746393182
-5509397343091567762
-5465310223568982638
-4772913046886465172
-4568036290665005307
-3621852707417018170
-3365113590491388343
-2821251391248653049
-2159064572769225892
-1031508784395062832
-949312711248301847
-268288366086970567
99864423616183163
181864985630500168
770125704874650704
1173720826725076979
1517722243580265749
1935943495754964891
2538063360916495050
7622218136448224737
8019187137661692649
8416313339480636014
9027709037999986958
