-1880205950
-1759831258
-1750324174
-1619372378
-1528061462
-1527491435
-1527197789
-1477867182
-1419284924
-1343812777
-1150626608
-1146330874
-1101003564
-1014691405
-983599046
-872708736
-863499586
-827540677
-709551578
-642154244
-630478944
-596190092
-556075128
-494041334
-491493699
-453582825
-399700569
-222007438
-181256075
291654
56018433
327158325
329866140
355522747
366239794
366534574
394212612
538731432
634413452
716176797
734577237
913367486
923246291
956187932
1058216154
1147420233
1200839864
1230730455
1283858742
1304724556
1410541809
1507566915
1516857301
1529112898
1605237718
1698681557
1790612760
1805978539
1830163739
2096055406
