1.7011166E-4
0.0023619533
0.002393663
0.0064410567
0.0072137117
0.011104107
0.014389396
0.01511246
0.024114728
0.027068257
0.040503263
0.051536918
0.052707314
0.08741915
0.13326156
0.13378102
0.14881122
0.16994095
0.17246473
0.17591184
0.17971802
0.18132943
0.19590473
0.2015605
0.20762634
0.20818609
0.24720639
0.2841912
0.29166633
0.3210262
0.33125204
0.3315007
0.35386276
0.3820963
0.38663578
0.39394498
0.4153912
0.4202037
0.4214058
0.43247986
0.43636113
0.46010244
0.4846115
0.49528676
0.5080245
0.5285805
0.5297547
0.53197676
0.54164
0.55270416
0.56824887
0.57114345
0.60849607
0.6882616
0.70130527
0.72995186
0.73005116
0.7502005
0.7505139
0.7648395
0.7655506
0.77796096
0.7833082
0.7842574
0.7852419
0.8130546
0.85077906
0.85625994
0.8579269
0.85794103
0.90856785
0.9175219
0.9351326
0.94879925
0.9650786
0.96639526
0.97525585
0.9851112
0.9985665
0.99948895
