0.05653745798708609
0.07261526330651169
0.07607391031602584
0.13796934760203838
0.14183501921486286
0.21504624833280805
0.24021885147409472
0.2602602372929739
0.2637826491833881
0.323811876970601
0.32951740021928
0.33115808052466633
0.3560925582059453
0.38312088590776816
0.3982772164576406
0.4144477587988904
0.4195141447322229
0.4660096918752731
0.49052813669732087
0.5840570280556412
0.5901718123850618
0.5996110116831946
0.6142346838856458
0.6618483584652658
0.6721981408333513
0.6855581031510379
0.6964945013424023
0.8087916808982359
0.8101566790378124
0.8260875550165031
0.8397280839322654
0.844655528734742
0.8522685104661437
0.8619431018919348
0.8752745672176172
0.9112103811256277
0.9422674650599204
0.9555240604781282
0.9605251417574253
0.9826231005687739
