-2092923807
-2082501929
-2079621864
-1803327028
-1747448029
-1744326407
-1698224668
-1556257060
-1538626984
-1526085900
-1501637721
-1494088186
-1486987651
-1460077731
-1413049031
-1330911951
-1294521916
-1246142035
-1166665568
-1151394123
-858630722
-854977929
-847531916
-833584114
-658531783
-636214416
-510731486
-477925195
-355963059
-336443541
-226336173
-222065143
-220771014
-155569670
-149314439
-93636532
-73398500
-70407512
19515653
58249971
207134426
362435679
415094391
545825869
547772027
679133044
707524081
846421854
1134290033
1227414208
1233626668
1286137343
1409484816
1449109424
1482620274
1680717358
1753836384
1805429485
1828990790
1832861135
1861979364
1872595028
1916922594
1946528954
1949455854
1951933186
1962101291
1975905400
2070772173
2084669543
