0.025114427611298895
0.03602434502238283
0.04664677858618982
0.0505719102858978
0.0544009742365309
0.09045857170359561
0.10381827990175951
0.13612116500294613
0.13859079263590146
0.1695743887720529
0.17856895828693287
0.21274456249583562
0.22301439936980816
0.23386680557136075
0.258891642697768
0.27662086027976807
0.2786014677252455
0.28854797248120356
0.3197273144007158
0.34498824579387244
0.3775173591117399
0.38554776901179233
0.3932818523648204
0.3963043649932817
0.4049277985341677
0.4125906790724443
0.4478457967925463
0.4907846326390918
0.49486257995348226
0.5132528488731897
0.5209576516201476
0.5443086551782559
0.5474438878309856
0.559451834458334
0.5640869914864441
0.5772364594219009
0.5984112275086747
0.5996631505227463
0.6023102373894045
0.6023309077596117
0.6047868018508843
0.6090271755128248
0.6533515847550113
0.656217852072965
0.6721849655230262
0.6835634116584423
0.6847159033136273
0.6902962199235976
0.6998434393653556
0.7079692630570446
0.7204512208656508
0.7222617859321828
0.7285073420859745
0.7356335889109479
0.7392468992474772
0.7505378183205108
0.7746748941737913
0.7805990627111695
0.7855574146508456
0.7948081475164324
0.8006054713426249
0.8058512601393889
0.8112155449796585
0.8120048771303437
0.8222508059872577
0.8300650760558621
0.8383259992960812
0.8679031933268857
0.8870204109478844
0.8954315620303239
0.911339971161767
0.9165227490437399
0.9222959556417702
0.9372950910903505
0.9388390214186223
0.9407168874312375
0.9569760704450091
0.9580596126697863
0.9705678650540556
0.9830144186604036
