-2100593043
-1992190507
-1915959178
-1867982367
-1824196531
-1811383508
-1714886336
-1616652301
-1590970379
-1429135311
-1405648795
-1309644939
-1305053503
-1179483002
-1150749060
-985669502
-927311022
-813051689
-701491720
-665418963
-627993096
-466174444
-136529894
-54664136
-45263658
5340588
18411313
76045974
82200043
128115875
135513166
154232614
171949533
249905468
282146331
357412443
517734199
593830605
679992881
722934369
744187839
761466405
856377344
913023704
921529943
959492900
966667980
1053799975
1222350726
1279182160
1307516524
1377401695
1478793264
1484387043
1563477456
1624292031
1637150591
1637580170
1647720462
1657173411
1705181036
1727334166
1747057624
1844463181
1869282158
1878311508
1952381914
2134058290
2135842993
2146549183
