0.007660851927461909
0.01654573914951596
0.01758191591957281
0.04886619300730222
0.07004720159872824
0.09467338443474693
0.13941747288458384
0.14840350139883285
0.1486036422027136
0.16153899021853102
0.16194627893623637
0.1806186240995996
0.2364338065801409
0.24596202942467504
0.2487829082616949
0.27993583419474044
0.2820768772651776
0.31603469284444696
0.3190383797709394
0.32129097574123244
0.3227214419953368
0.33315763471618476
0.33993829832326894
0.34810187329489406
0.35027010978613116
0.3534874683307663
0.35358443034935616
0.3869020616018273
0.39102156716265735
0.39432658046193014
0.40265651497330424
0.40419371346943656
0.41916492056054633
0.4365319950887725
0.4550034157858721
0.4695230875380081
0.49544915435528725
0.5118751212305452
0.5333372171132663
0.5574199985746608
0.5960701355444417
0.6235735996888593
0.6308034448307206
0.6452831490707854
0.662266930490477
0.6689988477463878
0.6917714663591368
0.6981244597522955
0.7076643909968169
0.7130690284556737
0.7195095260462018
0.7289600962595801
0.7308721197276024
0.736136484190169
0.764696567223795
0.7706986670857138
0.778915510249958
0.7795759592672074
0.7961612769406253
0.8018925280089091
0.8457089346287268
0.8501573061543489
0.8559352696671564
0.8609659730909737
0.8722440973918368
0.8824990595858413
0.8950077223149856
0.9082703021005086
0.9092912598410869
0.9132783416162736
0.9306894302061524
0.9369648920623186
0.9441194969230531
0.9699219024754028
0.9812226917644413
0.9824701872618157
0.985129339142469
0.9901452668718531
0.992064851001397
0.9985702301866816
