-8939756765055201111
-8650300927987744875
-8609843622255493719
-8605813211309065016
-8468768026653188636
-8356284363251510706
-7959434418066366522
-7754751558299551819
-7630642042533869079
-7053358971022160306
-6497384231652129483
-6360055052035200148
-6298716358700302180
-5480140432439062365
-5310702374319949491
-5037859107066115930
-4747706323412268736
-4496154307739854867
-4000410891203977902
-3328016012371587448
-3064034332815699458
-2870160146389142569
-2496986904084074394
-2207692095536773128
-1864197948836876059
-1788546009730664895
-1580835216751060740
-1364814168547909325
-1287588400112304649
-355205649034523680
-231953099410995816
96328286784225070
138600754292910501
227011427114390262
592093928953263396
741393348279505780
1227347566616777089
1365923235660092213
1591925350443792266
2080414407576386879
2101072931862338944
3301089183119743428
3303325626110855317
4224727747944805972
5018569433638375545
5028848504746341520
5154634407081873731
5284313221342267604
5450023135124759643
6561659501589805469
6820601758457923335
6904618872516749299
7265883704863416477
7702751758909403411
8003474058342187670
8123794449589618271
8319420842394837949
8753015791056032267
8766925191372769211
8930323342723657591
