-2051781078
-1999880033
-1872975495
-1765974155
-1762962623
-1715368471
-1682280931
-1640473404
-1625379398
-1562178043
-1546010523
-1525457146
-1504886514
-1491444177
-1474211762
-1451686745
-1429252662
-1416989826
-1354434101
-1314014325
-1260517353
-1191320967
-932243220
-757016142
-484719769
-427500995
-392102176
-356747203
-327124833
-305378220
-235746112
33298969
67957816
145050769
169882193
411237504
601606932
697887713
876633617
879950977
1093188283
1115259450
1305056741
1380149932
1412600316
1449341080
1485936271
1584231430
1636527409
1637155737
1671577649
1731083958
1733961829
1750457790
1771969570
1829137244
1848528561
1862727012
2037021830
2140123620
