0.014293820276715885
0.021839931717279715
0.05785807023994083
0.06092838376653342
0.09249772129789613
0.0958787837175411
0.11684886667413275
0.1259239232526187
0.13149346913812054
0.14605343526722736
0.21205202101269605
0.22583600654936942
0.24944455390519205
0.2771891972749071
0.2852304002412157
0.31054600550945866
0.34506861028666513
0.35970007558755235
0.366656979721503
0.42971062669536264
0.4398425219349097
0.4938006040168821
0.5369224831743579
0.5886077440406534
0.5954907505020358
0.6004438484794313
0.6143674053322071
0.6486532123903496
0.6836173049121163
0.6884156380001901
0.7462541343616572
0.8253524399565283
0.8635900177736562
0.9047032600535215
0.91273175871461
0.9130614376079338
0.9452449129208602
0.9696382537240041
0.9788135599204327
0.991824207608077
