-8618657356711695199
-7735628956508420638
-7007429461488281207
-6515268603542847593
-6377501153561326531
-6266543502221568657
-6153099327421914779
-4977451560739717969
-3791098205704282208
-3126141855919975108
-2923021727762012551
-2746246462933876088
-2587296677875641334
-1065474041738939377
-958053230225175687
659467724021200858
680884868240138395
859860951959785666
1153166961307413137
1596223675278700888
1611136744807125162
2772927607024645791
3548412843550839826
3690210778808281293
4710628455804583392
5646251396794659044
5754603673087681354
7565689387478801636
8083878290526699216
8722897104726686525
