0.03764311901190831
0.04603656226071973
0.05737104476359434
0.06250756340838115
0.06747750365613392
0.07297369029768563
0.0830810403561103
0.1048001625674565
0.10844529164110484
0.12443629491839414
0.14201027342066652
0.14927063593683643
0.16958946729427693
0.1767806855651033
0.1836535459756935
0.1907859584934256
0.20656529148662506
0.20728897353511788
0.21111657912031112
0.21327236323391396
0.22681334647346751
0.23105500245346777
0.23436576007105658
0.26696758883757976
0.2912798973748848
0.2954131031929186
0.30342036218687074
0.3127919068566597
0.3321595028870892
0.34320495876806834
0.3865254079993137
0.39025520340376474
0.40943266129042866
0.4545522661011896
0.4571025025037174
0.48898900432938464
0.506864816242985
0.5091529963164897
0.5190652088664705
0.5489336048185746
0.5546508355390397
0.5881076301889263
0.6033297992234641
0.604109405001242
0.6121214847615205
0.6236523633715143
0.6278299729983506
0.6462931291217839
0.6569338173783584
0.6591458482597612
0.6819311146760234
0.693784531883848
0.7021392735970678
0.7087403605032899
0.7108699297976486
0.751926241030143
0.761657583765251
0.7628581553988942
0.7630438083199561
0.7659855746970151
0.767811944205829
0.767921250103588
0.7700870395892712
0.7747604967816308
0.7788483589583598
0.7887052518979043
0.7961114031546251
0.8082695822998514
0.8531082616281705
0.8916391637837169
0.8947836813744795
0.9225628671082093
0.9258433995031956
0.9285854220518852
0.9433550341727771
0.967128267986235
0.9791905276590923
0.9808117917785912
0.9935776641946568
0.9962279964840052
