-8689273588070616926
-8628318809502157714
-8584466961853885339
-8522049389510772217
-7607839680210602118
-7408646171171971359
-6706826579690500821
-6040488949966625194
-5889164869582172374
-5428977444668039300
-3236476948857000784
-2853613658152863854
-2377311652929323526
-2270100426491606073
-1581666476033217069
-1571661089686614030
-943918448825748713
-371299292832708589
-292503713143007953
343947147293421847
415485842550924539
608311116095601532
713802285090723978
1915421738502048910
2177577928231647897
3930281359099012357
5351801257395992610
5939901814865939171
8068068223321152786
8912142271692337808
