0.014565168642991178
0.02847710896450839
0.03432579909323652
0.04016503966545726
0.06117847429083134
0.10500402771378026
0.11286814141608448
0.1362855701766834
0.1421417106309103
0.16312904681414853
0.16477738661529207
0.1927302103710813
0.21088851936762631
0.2332661988382625
0.23415522696266722
0.25077129270808995
0.2515937484029259
0.2675590520665324
0.26840076619263165
0.2721380907379223
0.2858274731664803
0.2901521513617147
0.32675662887343293
0.32841748511168345
0.35074554278138403
0.3797847961886801
0.39033197618513427
0.4037119491260428
0.40953052431239434
0.4148999222155527
0.41853826023651797
0.4290152366813119
0.43466579518024384
0.4379017330712298
0.46374712118321915
0.4685529765221772
0.46863523627095605
0.4693210095702651
0.4721569036022891
0.47875601771539755
0.5179306764617336
0.5269837460413774
0.5418244688058169
0.548727837985927
0.5626815433840405
0.5667771004114623
0.5978941845124061
0.6426336324999982
0.6478995583774235
0.6811924460848402
0.6927531647336868
0.6942523713501595
0.6996259913930867
0.7032682361971875
0.7195739907968092
0.7313035017701838
0.7362698787333186
0.7528535094665806
0.7670785665245871
0.7820329490821469
0.7842200373664975
0.7973944087924899
0.8054990180671766
0.8297450188607766
0.8463265309069302
0.8662440967689631
0.8779387540273693
0.8901422837494554
0.8968907180321603
0.9010860405061853
0.9340154025557644
0.9375422868004312
0.9422726815240897
0.9553881064763537
0.9571268158639151
0.9579592157229762
0.9602304260979098
0.9787089946135846
0.9824419355375612
0.9963580329831472
