0.004592960738332819
0.006180686130077939
0.011231023397671458
0.012499558191545801
0.033107583601662216
0.03846471218448422
0.042490324934117085
0.05000435607888254
0.06078306096511976
0.06169745075058475
0.07924777714711972
0.08549587667524694
0.09624535564585956
0.1374755212734562
0.15782480484233974
0.1692117268828225
0.17708775343854077
0.18837647306561167
0.1896970224053719
0.19511145484709047
0.1978662065205703
0.23095386452796218
0.23391125291202985
0.24005843661392723
0.24206045347822036
0.2614341395905929
0.2730153155857141
0.2775297291792952
0.2860126265906643
0.30408086474924145
0.3061871867324204
0.3089815834762576
0.3202484717434334
0.3394182342582902
0.3494520621134204
0.3680604960287973
0.3802112747020051
0.42286912443730984
0.42979783558406626
0.43869234489030773
0.4430444411993709
0.4598885854042285
0.4646708010034326
0.4653069191078226
0.47019808635932725
0.47755669522851796
0.48009188033115613
0.4970881868191619
0.5208014991844678
0.5279132996910773
0.5339864032026012
0.5646052349597829
0.577773727812506
0.6115435605397279
0.6193338870234356
0.6281271452285888
0.6442349392005915
0.6792909171894619
0.6810719991295667
0.6923931221947228
0.7050650522378352
0.7117367712932605
0.7198516997545867
0.7359798958902745
0.7522455456648777
0.760686135966486
0.7957138412768268
0.8135894499665463
0.8150174826759378
0.8216174434297326
0.8310319058874095
0.8374838643577871
0.867729093945117
0.8850450099883969
0.9008623811136648
0.9016366256463685
0.9478004166078793
0.950730617638008
0.9531661686623445
0.9642745173991938
