0.051442782971949264
0.05582353915803184
0.056437897044929186
0.06431926031942325
0.07679159548163195
0.0771568371202066
0.08008241366732227
0.11516764240257293
0.12244629308916344
0.12940411415083264
0.13595579168997662
0.18137949735192627
0.20238507379214699
0.21019425324247476
0.2134669867328992
0.2208206878438551
0.24375585371180797
0.24439360281198874
0.2553522896549508
0.25948898953663835
0.26314508728976427
0.2638045529055627
0.2657430493290943
0.27543605693020445
0.293068908856441
0.2940664059058964
0.2975017717926677
0.32957747025781037
0.3338618724414858
0.3995386871704967
0.42245978315067545
0.42355332487502495
0.43754968166202646
0.4649341910815281
0.468355624452199
0.46933540424524767
0.4748360032869129
0.5008260807859491
0.5172746845818236
0.5193479769341275
0.5290954114612966
0.548567228933686
0.5682116461154176
0.5971667721674802
0.5977253556350721
0.607347454641771
0.6128045303089792
0.6196952803886737
0.6199187249757208
0.6372278772575998
0.6754799988901465
0.6816888045294912
0.6932914667162072
0.7089941850064316
0.7135072108449373
0.7198408534152222
0.7443336926969367
0.7577105060369446
0.7743592101954748
0.7941883312547505
0.8144379196022757
0.8435204897052168
0.844065617277989
0.8468126906936208
0.8482929838448856
0.8564029017771384
0.8606620903643696
0.8643260570544395
0.8677029005587346
0.8688079869237436
0.9072084392200539
0.9276478557509761
0.9363377904638238
0.9528557614352535
0.9637023563859857
0.9668296680636642
0.9693594808035499
0.9736648008838761
0.9876194733355883
0.9998132051615335
