-2083411397
-2048358314
-1964612939
-1870504798
-1745291425
-1731419194
-1723609709
-1699453361
-1558023462
-1553555799
-1482626658
-1350313659
-1326659289
-1279410303
-1225480464
-1186215709
-1170103820
-1144648193
-973655696
-931177213
-789213771
-785149112
-759317178
-758382606
-738011678
-675855444
-641828810
-587578664
-579836118
-571332210
-470823779
-461053272
-351439664
-296357025
-283256514
-232136362
-222593760
-122308728
-84839671
42622848
60959591
81874012
183689802
206614486
259961561
446084524
447761069
467064467
624190884
695712851
738944979
785431196
950650343
990238370
1012281273
1027633588
1037077585
1232451842
1466118757
1527937937
1568469181
1691930407
1724913432
1755473387
1771561438
1796296100
1840098605
1933451865
1954719637
2058462545
