-2112744427
-2000368577
-1996709017
-1935492559
-1843532791
-1820363699
-1653926943
-1566813342
-1556619914
-1442488111
-1373270206
-1173742654
-909037610
-878503600
-648302123
-333550069
-269371938
-159725355
-155906867
-140194911
-113202540
-100622885
-8836920
30261637
40751268
43962447
91128450
164741901
268295130
280863358
325844218
397665313
405872606
407608994
536248523
695519936
729402227
810906109
884455013
907860316
929646446
940333546
971832391
1004118276
1057237765
1093056948
1126604472
1131290734
1193927147
1217250491
1223972382
1348113793
1436934610
1537105402
1672818812
1677399739
1687700784
1888463524
1902165299
2010082427
