7.829666E-4
0.0019530058
0.0030798912
0.004360497
0.014086366
0.029276252
0.0935936
0.112216115
0.112754166
0.12259418
0.12819242
0.13197428
0.1320079
0.14073068
0.15537995
0.15579206
0.16015768
0.16533953
0.17066336
0.1836015
0.19416851
0.1969459
0.19761842
0.20697397
0.22068202
0.23991358
0.25056922
0.28328246
0.29206806
0.3086636
0.32436514
0.3359424
0.3466373
0.35670584
0.39075392
0.39779955
0.40631455
0.4111998
0.41903138
0.43748266
0.4431274
0.44848937
0.46522027
0.46831053
0.48662108
0.49044317
0.5031652
0.5149995
0.53641534
0.5757069
0.5897671
0.59938914
0.6052489
0.6125068
0.617498
0.6260113
0.6486324
0.6768412
0.69289345
0.7029502
0.70953393
0.7132325
0.7445556
0.74656826
0.7539316
0.7606918
0.78104854
0.7820281
0.8127166
0.8152819
0.8203459
0.834772
0.8573366
0.8756383
0.897728
0.90089476
0.90890497
0.95778793
0.9744263
0.99121857
