0.014521924220463278
0.018639124600683288
0.06322573601755566
0.10976195807450095
0.16143915441962586
0.16163255139762167
0.18400764530401936
0.19057401160873022
0.19536692781392617
0.19708809460638188
0.20368249272448447
0.21444852250929158
0.21819371422279843
0.26341064556420934
0.2902654409802853
0.2961335871895827
0.30882186039535164
0.3124834310611577
0.33050942912822756
0.4127000953916766
0.4643439239847217
0.4736633476530855
0.5219428657575422
0.5620498607587049
0.5797928545380717
0.6760361997683189
0.6994448311786438
0.7273076915356012
0.7557068518123077
0.778221139060841
0.8381185742824475
0.8612059575886603
0.8737721476151359
0.899218119981726
0.9088448758048505
0.9188288537458529
0.9333329901213931
0.974755933242672
0.9846872438167519
0.9934400929217823
