0.0021701642803756416
0.02854146230240473
0.046005383896253416
0.05542646957197417
0.062155880776538885
0.12647592360820736
0.16267770911182722
0.1633738864426414
0.1673823186525516
0.23375861966939404
0.2900111763585439
0.2957234619975113
0.30694374442847183
0.364799835757054
0.3672657663990846
0.3835713665282927
0.4227548716920523
0.42287048817026784
0.47071361355769836
0.4739006637839408
0.4870016967778775
0.49945827064122883
0.5969565712914653
0.6199651523573642
0.6416170384876582
0.649531130320684
0.6894144391992968
0.7091918719754439
0.7184535522933531
0.7273209819709545
0.7933624697040805
0.8121716064290814
0.8266887549566277
0.850450910098422
0.873013102408927
0.9340836184345758
0.9364941483197038
0.945754064390591
0.9722781181491578
0.98488352964145
