-2131705978
-2099294569
-2028111601
-1995244116
-1793774159
-1765809930
-1713227138
-1713064412
-1631459607
-1509888951
-1418606746
-1312367809
-1278859191
-1275240608
-1056357713
-1023518781
-1015333972
-895849909
-892808528
-792253037
-737846510
-694637637
-551788346
-471899824
-469746834
-324591124
-313546478
-291256713
-270191989
-118306132
-69755073
-47727866
70182722
372550018
383500388
394193252
509672018
531118493
581412192
639240986
695464251
706850570
716783055
816881074
893060779
900722644
967080286
1038283658
1046874755
1068157202
1154800042
1352737039
1481523073
1570823881
1975620204
2053489985
2078512700
2131285760
2138277900
2145787124
