0.037424028
0.047260463
0.05981928
0.073195696
0.07545304
0.11580992
0.13819706
0.1739136
0.19214028
0.21008152
0.21307099
0.21735442
0.22709256
0.2287879
0.23097932
0.24400812
0.24877346
0.25019825
0.26013446
0.29094023
0.30118275
0.3049999
0.30560982
0.31309855
0.32396853
0.3273046
0.33891582
0.37486947
0.37497222
0.39632654
0.4015488
0.44452393
0.44665706
0.44831383
0.4500438
0.45385784
0.47484756
0.4841959
0.48750085
0.48825526
0.5113141
0.5248186
0.5519769
0.57059723
0.60881376
0.6231581
0.6274471
0.65538186
0.6617117
0.66286325
0.67954135
0.69928986
0.71139497
0.71779084
0.73090386
0.7341873
0.7345233
0.74679106
0.7664195
0.77141196
0.7745931
0.7949622
0.79908246
0.80880743
0.8249398
0.8303232
0.8417439
0.86178213
0.86872417
0.87613904
0.8762744
0.8929128
0.9131135
0.9263721
0.9279125
0.9365436
0.94698495
0.94913137
0.9698337
0.98429394
