-1932417221
-1888574426
-1859788344
-1791614873
-1768232150
-1761400130
-1688509564
-1683079614
-1654250361
-1546972498
-1513530077
-1444615584
-1435680214
-1114987122
-1045205151
-982332518
-958210190
-910342574
-785362692
-759838201
-592862002
-585074240
-456125308
-425129039
-335687528
-313452801
-293844983
-208770969
-63897939
-26198431
11788739
198190345
213695253
245148585
339450383
397032321
634080207
690642625
753087217
763804722
884102435
908904489
924906629
931718049
993326607
1001584751
1060872159
1092736946
1094430155
1159513928
1184626625
1314149473
1351899126
1468601497
1483962277
1618100233
1690610670
1934446772
1950463815
2127299747
