-8736455273290859411
-8324414415831637198
-7691540623013303430
-7556000686897183203
-6941078065389270738
-6730965914432845485
-6391679482484161371
-5569422171838601817
-5560978706647393845
-5509438428727237612
-5365779989641605810
-5003445412397706813
-4775325821906230944
-4671821345434438035
-4589337920393729099
-4585432187231980672
-4460410169187093734
-4003356985183014258
-3896572155418351319
-3613011385036865364
-3568532020364043012
-2727676534845414525
-2283773044465540562
-1829257775942961624
-1821379884943495348
-1398792510622715087
-987470144291226632
-971897770480211856
-540869501724457338
-124869765123616536
100584078198145636
237201221966577942
279038885593806744
420735988205142772
457011662344606974
932082349164644729
1069393415419420256
1341239497248667346
1639158474919325971
1694623179533835394
1744142777556973813
2346898762493665880
2648201880842041936
2738021672129963192
4074795493294861211
4572115611666270116
4772894620476362466
5318270874140525904
5445197872661228519
5693145341269431030
6061329224344981414
6350225536207803791
6828007964527466981
7338322072589553410
7701165438818537260
7735979770577763684
8250863863107518074
8500024721433384616
8770448630700449410
9130786680776114558
