-8224034292843105157
-8074089392128213441
-7243590452577776863
-7096907575153176629
-6846040211282841043
-5980357498625612016
-5093942886388063366
-4902193714620194548
-3735911186386037399
-2295139198169079181
-579782391899715612
170082081491723913
1044414031771690456
1134368718439838647
2186048448953155132
2605378839990386776
2961551771871864951
3011075820105800540
3698947696650268030
3950947142649845330
4568844635782799576
4585490229121378789
5220581595447640042
5588546981893378416
5790580390186162093
6189990842104195237
6478856990306334681
7047869901270732998
8100386796011625173
8290105784025187559
