0.08265108017580525
0.12068550475532958
0.1515908125585872
0.16349654723025342
0.1796384617719915
0.2059264539695026
0.21238110125952514
0.23576564174415893
0.2761837665924578
0.352575242175845
0.3721593049204047
0.4210959422020013
0.43186380691000903
0.4399804552713813
0.4527316697175765
0.4742999485174608
0.487772684260835
0.49462690348056204
0.49742139272324293
0.5087834357248389
0.5334843876526487
0.5501321153006019
0.5526029781062153
0.5592575720115635
0.5703451545696973
0.5967885954410839
0.6029763457256531
0.6086334452409028
0.6177411359790626
0.6233464730266906
0.6340127966848431
0.700960772776306
0.7326884951559172
0.771099299067809
0.8439736961921667
0.8821017402713545
0.8938406341519739
0.901301694126619
0.933736763537844
0.9798927030873034
