0.041172301865530114
0.12868016362306411
0.15706840292519153
0.18128729987991055
0.19744571315550818
0.22221345808995785
0.24896875472661906
0.27594277793502386
0.3341143633471316
0.36725985411963447
0.3679963237634569
0.38412346034571254
0.3941016753690306
0.41640109023352834
0.4264456843242844
0.44326704962416696
0.4513356908305275
0.46450319487889835
0.5788919174067383
0.5928708075353961
0.5938040131310426
0.6019593984503389
0.6084517556831895
0.6208267133635865
0.6460819249477733
0.6464621943120783
0.6527127726651403
0.7096208375369698
0.7415426032429475
0.8016243631258975
0.8098894414465152
0.815807932295548
0.8796622326188958
0.8837660981301738
0.8964861655401726
0.8973147461092368
0.905345595114065
0.928110855993404
0.9769063762514959
0.9925125883327942
